format: recall, precision, f1
test,10,20,50,100,200,500,1000
t01,0.020,0.030,0.036,0.044,0.055,0.811,1.000
t02,0.004,0.026,0.056,0.108,0.262,0.578,1.000
t03,0.020,0.030,0.036,0.046,0.059,0.852,1.000
t04,0.008,0.016,0.028,0.061,0.147,0.866,1.000
t05,0.020,0.020,0.024,0.034,0.050,0.826,1.000
t06,0.016,0.022,0.030,0.036,0.053,0.852,1.000
t07,0.010,0.028,0.042,0.053,0.093,0.820,1.000
t08,0.000,0.000,0.040,0.083,0.101,0.854,1.000
t09,0.020,0.030,0.036,0.046,0.063,0.839,1.000
t10,0.014,0.030,0.057,0.095,0.218,0.824,1.000
t11,0.020,0.030,0.036,0.048,0.059,0.817,1.000
t12,0.008,0.038,0.081,0.141,0.203,0.840,1.000
t13,0.020,0.030,0.036,0.044,0.055,0.809,1.000
t14,0.020,0.030,0.036,0.048,0.063,0.858,1.000
t15,0.020,0.030,0.036,0.048,0.059,0.854,1.000
t16,0.020,0.040,0.089,0.156,0.258,0.839,1.000
t17,0.020,0.030,0.036,0.040,0.053,0.805,1.000
t18,0.020,0.030,0.034,0.038,0.057,0.860,1.000
t19,0.020,0.030,0.040,0.050,0.059,0.854,1.000
t20,0.020,0.030,0.036,0.059,0.125,0.270,1.000
t21,0.012,0.028,0.032,0.042,0.087,0.828,1.000
t22,0.020,0.030,0.036,0.040,0.059,0.856,1.000
t23,0.020,0.030,0.040,0.052,0.059,0.854,1.000
t24,0.020,0.030,0.038,0.044,0.059,0.858,1.000
t25,0.020,0.030,0.036,0.048,0.059,0.858,1.000
t26,0.012,0.028,0.036,0.044,0.153,0.860,1.000
t27,0.020,0.030,0.038,0.044,0.053,0.821,1.000
t28,0.016,0.030,0.040,0.069,0.145,0.856,1.000
t29,0.012,0.030,0.040,0.052,0.325,0.820,1.000
t30,0.020,0.032,0.044,0.079,0.345,0.854,1.000
t31,0.020,0.030,0.034,0.042,0.057,0.806,1.000
t32,0.020,0.030,0.040,0.050,0.063,0.814,1.000
t33,0.020,0.030,0.036,0.044,0.055,0.852,1.000
test,10,20,50,100,200,500,1000
t01,1.000,0.750,0.360,0.220,0.140,0.819,0.841
t02,0.300,0.900,0.780,0.760,0.916,0.810,0.701
t03,1.000,0.750,0.360,0.230,0.150,0.860,0.841
t04,0.400,0.400,0.280,0.310,0.370,0.874,0.841
t05,1.000,0.500,0.240,0.170,0.125,0.834,0.841
t06,0.800,0.550,0.300,0.180,0.135,0.860,0.841
t07,0.500,0.700,0.420,0.270,0.235,0.828,0.841
t08,0.000,0.000,0.400,0.420,0.255,0.862,0.841
t09,1.000,0.750,0.360,0.230,0.160,0.848,0.841
t10,0.700,0.750,0.580,0.480,0.550,0.832,0.841
t11,1.000,0.750,0.360,0.240,0.150,0.825,0.841
t12,0.400,0.950,0.820,0.710,0.511,0.848,0.841
t13,1.000,0.750,0.360,0.220,0.140,0.817,0.841
t14,1.000,0.750,0.360,0.240,0.160,0.866,0.841
t15,1.000,0.750,0.360,0.240,0.150,0.862,0.841
t16,1.000,1.000,0.900,0.790,0.650,0.847,0.841
t17,1.000,0.750,0.360,0.200,0.135,0.812,0.841
t18,1.000,0.750,0.340,0.190,0.145,0.868,0.841
t19,1.000,0.750,0.400,0.250,0.150,0.862,0.841
t20,1.000,0.750,0.360,0.300,0.315,0.273,0.841
t21,0.600,0.700,0.320,0.210,0.220,0.836,0.841
t22,1.000,0.750,0.360,0.200,0.150,0.864,0.841
t23,1.000,0.750,0.400,0.260,0.150,0.862,0.841
t24,1.000,0.750,0.380,0.220,0.150,0.866,0.841
t25,1.000,0.750,0.360,0.240,0.150,0.866,0.841
t26,0.600,0.700,0.360,0.220,0.385,0.868,0.841
t27,1.000,0.750,0.380,0.220,0.135,0.829,0.841
t28,0.800,0.750,0.400,0.350,0.365,0.864,0.841
t29,0.600,0.750,0.400,0.260,0.820,0.828,0.841
t30,1.000,0.800,0.440,0.400,0.870,0.862,0.841
t31,1.000,0.750,0.340,0.210,0.145,0.814,0.841
t32,1.000,0.750,0.400,0.253,0.158,0.822,0.841
t33,1.000,0.750,0.360,0.220,0.140,0.860,0.841
test,10,20,50,100,200,500,1000
t01,0.039,0.057,0.065,0.073,0.079,0.815,0.914
t02,0.008,0.050,0.104,0.190,0.407,0.675,0.824
t03,0.039,0.057,0.065,0.076,0.085,0.856,0.914
t04,0.016,0.030,0.050,0.103,0.210,0.870,0.914
t05,0.039,0.038,0.043,0.056,0.071,0.830,0.914
t06,0.031,0.042,0.054,0.060,0.077,0.856,0.914
t07,0.019,0.053,0.076,0.089,0.133,0.824,0.914
t08,0.000,0.000,0.072,0.139,0.145,0.858,0.914
t09,0.039,0.057,0.065,0.076,0.091,0.844,0.914
t10,0.027,0.057,0.105,0.159,0.312,0.828,0.914
t11,0.039,0.057,0.065,0.079,0.085,0.821,0.914
t12,0.016,0.072,0.148,0.235,0.290,0.844,0.914
t13,0.039,0.057,0.065,0.073,0.079,0.813,0.914
t14,0.039,0.057,0.065,0.079,0.091,0.862,0.914
t15,0.039,0.057,0.065,0.079,0.085,0.858,0.914
t16,0.039,0.076,0.162,0.261,0.369,0.843,0.914
t17,0.039,0.057,0.065,0.066,0.077,0.808,0.914
t18,0.039,0.057,0.061,0.063,0.082,0.864,0.914
t19,0.039,0.057,0.072,0.083,0.085,0.858,0.914
t20,0.039,0.057,0.065,0.099,0.179,0.271,0.914
t21,0.023,0.053,0.058,0.069,0.125,0.832,0.914
t22,0.039,0.057,0.065,0.066,0.085,0.860,0.914
t23,0.039,0.057,0.072,0.086,0.085,0.858,0.914
t24,0.039,0.057,0.068,0.073,0.085,0.862,0.914
t25,0.039,0.057,0.065,0.079,0.085,0.862,0.914
t26,0.023,0.053,0.065,0.073,0.218,0.864,0.914
t27,0.039,0.057,0.068,0.073,0.077,0.825,0.914
t28,0.031,0.057,0.072,0.116,0.207,0.860,0.914
t29,0.023,0.057,0.072,0.086,0.465,0.824,0.914
t30,0.039,0.061,0.079,0.132,0.494,0.858,0.914
t31,0.039,0.057,0.061,0.069,0.082,0.810,0.914
t32,0.039,0.057,0.072,0.084,0.090,0.818,0.914
t33,0.039,0.057,0.065,0.073,0.079,0.856,0.914
