format: recall, precision, f1
test,10,20,50,100,200,500,1000
t01,nan,nan,nan,nan,nan,nan,nan
t02,0.000,0.000,0.000,0.000,0.006,0.587,1.000
t03,0.000,0.000,0.000,0.000,0.000,0.000,1.000
t04,0.000,0.000,0.000,0.000,0.000,0.000,1.000
t05,0.000,0.000,0.000,0.000,0.200,0.600,1.000
t06,0.000,0.000,0.000,0.000,0.000,0.000,1.000
t07,0.000,0.000,0.000,0.000,0.000,0.000,1.000
t08,0.000,0.000,0.000,0.000,0.000,0.000,1.000
t09,0.000,0.000,0.000,0.000,0.000,1.000,1.000
t10,0.000,0.000,0.000,0.000,0.000,0.600,1.000
t11,0.000,0.000,0.000,0.000,0.000,0.000,1.000
t12,0.000,0.000,0.400,1.000,1.000,1.000,1.000
t13,0.000,0.000,0.000,0.000,0.000,0.000,1.000
t14,0.000,0.000,0.000,0.000,0.000,0.000,1.000
t15,0.000,0.000,0.000,0.000,0.000,0.000,1.000
t16,0.000,0.000,1.000,1.000,1.000,1.000,1.000
t17,0.000,0.000,0.000,0.000,0.000,0.000,1.000
t18,0.000,0.000,0.000,0.000,0.000,0.000,1.000
t19,0.000,0.000,0.000,0.000,0.000,0.000,1.000
t20,0.000,0.000,0.000,0.000,0.000,0.000,1.000
t21,0.000,0.000,0.000,0.000,0.000,1.000,1.000
t22,0.000,0.000,0.000,0.000,0.000,0.000,1.000
t23,0.000,0.000,0.000,0.000,0.000,0.000,1.000
t24,0.000,0.000,0.000,0.000,0.000,0.000,1.000
t25,0.000,0.000,0.000,0.000,0.000,0.000,1.000
t26,0.000,0.000,0.000,0.000,0.600,0.600,1.000
t27,0.000,0.000,0.000,0.000,0.000,0.200,1.000
t28,0.000,0.000,0.000,0.000,0.200,0.200,1.000
t29,0.000,0.000,0.000,0.000,0.000,0.800,1.000
t30,0.000,0.000,0.000,1.000,1.000,1.000,1.000
t31,0.000,0.000,0.000,0.000,0.000,0.000,1.000
t32,0.000,0.000,0.000,0.000,0.000,0.000,1.000
t33,0.000,0.000,0.000,0.000,0.000,0.000,1.000
test,10,20,50,100,200,500,1000
t01,0.000,0.000,0.000,0.000,0.000,0.000,0.000
t02,0.000,0.000,0.000,0.000,0.015,0.590,0.503
t03,0.000,0.000,0.000,0.000,0.000,0.000,0.005
t04,0.000,0.000,0.000,0.000,0.000,0.000,0.005
t05,0.000,0.000,0.000,0.000,0.005,0.006,0.005
t06,0.000,0.000,0.000,0.000,0.000,0.000,0.005
t07,0.000,0.000,0.000,0.000,0.000,0.000,0.005
t08,0.000,0.000,0.000,0.000,0.000,0.000,0.005
t09,0.000,0.000,0.000,0.000,0.000,0.010,0.005
t10,0.000,0.000,0.000,0.000,0.000,0.006,0.005
t11,0.000,0.000,0.000,0.000,0.000,0.000,0.005
t12,0.000,0.000,0.040,0.050,0.025,0.010,0.005
t13,0.000,0.000,0.000,0.000,0.000,0.000,0.005
t14,0.000,0.000,0.000,0.000,0.000,0.000,0.005
t15,0.000,0.000,0.000,0.000,0.000,0.000,0.005
t16,0.000,0.000,0.100,0.050,0.025,0.010,0.005
t17,0.000,0.000,0.000,0.000,0.000,0.000,0.005
t18,0.000,0.000,0.000,0.000,0.000,0.000,0.005
t19,0.000,0.000,0.000,0.000,0.000,0.000,0.005
t20,0.000,0.000,0.000,0.000,0.000,0.000,0.005
t21,0.000,0.000,0.000,0.000,0.000,0.010,0.005
t22,0.000,0.000,0.000,0.000,0.000,0.000,0.005
t23,0.000,0.000,0.000,0.000,0.000,0.000,0.005
t24,0.000,0.000,0.000,0.000,0.000,0.000,0.005
t25,0.000,0.000,0.000,0.000,0.000,0.000,0.005
t26,0.000,0.000,0.000,0.000,0.015,0.006,0.005
t27,0.000,0.000,0.000,0.000,0.000,0.002,0.005
t28,0.000,0.000,0.000,0.000,0.005,0.002,0.005
t29,0.000,0.000,0.000,0.000,0.000,0.008,0.005
t30,0.000,0.000,0.000,0.050,0.025,0.010,0.005
t31,0.000,0.000,0.000,0.000,0.000,0.000,0.005
t32,0.000,0.000,0.000,0.000,0.000,0.000,0.005
t33,0.000,0.000,0.000,0.000,0.000,0.000,0.005
test,10,20,50,100,200,500,1000
t01,nan,nan,nan,nan,nan,nan,nan
t02,0.000,0.000,0.000,0.000,0.009,0.588,0.669
t03,0.000,0.000,0.000,0.000,0.000,0.000,0.010
t04,0.000,0.000,0.000,0.000,0.000,0.000,0.010
t05,0.000,0.000,0.000,0.000,0.010,0.012,0.010
t06,0.000,0.000,0.000,0.000,0.000,0.000,0.010
t07,0.000,0.000,0.000,0.000,0.000,0.000,0.010
t08,0.000,0.000,0.000,0.000,0.000,0.000,0.010
t09,0.000,0.000,0.000,0.000,0.000,0.020,0.010
t10,0.000,0.000,0.000,0.000,0.000,0.012,0.010
t11,0.000,0.000,0.000,0.000,0.000,0.000,0.010
t12,0.000,0.000,0.073,0.095,0.049,0.020,0.010
t13,0.000,0.000,0.000,0.000,0.000,0.000,0.010
t14,0.000,0.000,0.000,0.000,0.000,0.000,0.010
t15,0.000,0.000,0.000,0.000,0.000,0.000,0.010
t16,0.000,0.000,0.182,0.095,0.049,0.020,0.010
t17,0.000,0.000,0.000,0.000,0.000,0.000,0.010
t18,0.000,0.000,0.000,0.000,0.000,0.000,0.010
t19,0.000,0.000,0.000,0.000,0.000,0.000,0.010
t20,0.000,0.000,0.000,0.000,0.000,0.000,0.010
t21,0.000,0.000,0.000,0.000,0.000,0.020,0.010
t22,0.000,0.000,0.000,0.000,0.000,0.000,0.010
t23,0.000,0.000,0.000,0.000,0.000,0.000,0.010
t24,0.000,0.000,0.000,0.000,0.000,0.000,0.010
t25,0.000,0.000,0.000,0.000,0.000,0.000,0.010
t26,0.000,0.000,0.000,0.000,0.029,0.012,0.010
t27,0.000,0.000,0.000,0.000,0.000,0.004,0.010
t28,0.000,0.000,0.000,0.000,0.010,0.004,0.010
t29,0.000,0.000,0.000,0.000,0.000,0.016,0.010
t30,0.000,0.000,0.000,0.095,0.049,0.020,0.010
t31,0.000,0.000,0.000,0.000,0.000,0.000,0.010
t32,0.000,0.000,0.000,0.000,0.000,0.000,0.010
t33,0.000,0.000,0.000,0.000,0.000,0.000,0.010
