format: recall, precision, f1
test,10,20,50,100,200,500,1000
t01,0.039,0.078,0.784,0.902,0.980,0.928,1.000
t02,0.005,0.008,0.062,0.119,0.231,0.497,1.000
t03,0.007,0.014,0.282,0.612,0.997,1.059,1.000
t04,0.007,0.083,0.213,0.392,0.750,0.978,1.000
t05,0.000,0.096,0.144,0.151,0.193,0.763,1.000
t06,0.000,0.000,0.138,0.158,0.358,1.025,1.000
t07,0.007,0.096,0.282,0.612,0.990,0.972,1.000
t08,0.069,0.138,0.172,0.481,0.990,1.059,1.000
t09,0.007,0.014,0.275,0.612,0.983,1.059,1.000
t10,0.014,0.076,0.172,0.605,0.846,0.971,1.000
t11,0.007,0.014,0.275,0.598,0.990,1.018,1.000
t12,0.021,0.048,0.199,0.584,0.990,1.100,1.000
t13,0.007,0.014,0.282,0.433,0.447,0.424,1.000
t14,0.007,0.014,0.282,0.591,0.997,1.031,1.000
t15,0.007,0.014,0.282,0.605,0.997,1.038,1.000
t16,0.069,0.138,0.323,0.399,1.004,1.086,1.000
t17,0.007,0.014,0.227,0.248,0.254,0.280,1.000
t18,0.007,0.014,0.296,0.591,0.990,1.011,1.000
t19,0.007,0.014,0.275,0.619,0.990,0.975,1.000
t20,0.014,0.014,0.254,0.523,0.791,0.889,1.000
t21,0.007,0.096,0.275,0.550,0.770,1.045,1.000
t22,0.007,0.014,0.282,0.598,0.990,1.031,1.000
t23,0.007,0.014,0.282,0.619,0.990,0.924,1.000
t24,0.007,0.014,0.282,0.612,0.990,0.921,1.000
t25,0.007,0.096,0.282,0.619,1.004,1.038,1.000
t26,0.000,0.096,0.289,0.502,0.818,1.080,1.000
t27,0.014,0.096,0.289,0.605,0.805,0.854,1.000
t28,0.007,0.014,0.282,0.605,0.729,1.073,1.000
t29,0.034,0.096,0.289,0.598,0.887,1.038,1.000
t30,0.007,0.014,0.296,0.619,0.935,1.086,1.000
t31,0.007,0.007,0.282,0.598,0.887,0.976,1.000
t32,0.007,0.014,0.275,0.612,0.997,1.059,1.000
t33,0.007,0.014,0.289,0.619,0.935,0.990,1.000
test,10,20,50,100,200,500,1000
t01,0.100,0.100,0.400,0.230,0.125,0.047,0.025
t02,0.400,0.300,0.940,0.900,0.875,0.751,0.756
t03,0.100,0.100,0.820,0.890,0.725,0.308,0.145
t04,0.100,0.600,0.620,0.570,0.545,0.284,0.145
t05,0.000,0.700,0.420,0.220,0.140,0.222,0.145
t06,0.000,0.000,0.400,0.230,0.260,0.298,0.145
t07,0.100,0.700,0.820,0.890,0.720,0.283,0.145
t08,1.000,1.000,0.500,0.700,0.720,0.308,0.145
t09,0.100,0.100,0.800,0.890,0.715,0.308,0.145
t10,0.200,0.550,0.500,0.880,0.615,0.282,0.145
t11,0.100,0.100,0.800,0.870,0.720,0.296,0.145
t12,0.300,0.350,0.580,0.850,0.720,0.320,0.145
t13,0.100,0.100,0.820,0.630,0.325,0.123,0.145
t14,0.100,0.100,0.820,0.860,0.725,0.300,0.145
t15,0.100,0.100,0.820,0.880,0.725,0.302,0.145
t16,1.000,1.000,0.940,0.580,0.730,0.316,0.145
t17,0.100,0.100,0.660,0.360,0.185,0.082,0.145
t18,0.100,0.100,0.860,0.860,0.720,0.294,0.145
t19,0.100,0.100,0.800,0.900,0.720,0.284,0.145
t20,0.200,0.100,0.740,0.760,0.575,0.259,0.145
t21,0.100,0.700,0.800,0.800,0.560,0.304,0.145
t22,0.100,0.100,0.820,0.870,0.720,0.300,0.145
t23,0.100,0.100,0.820,0.900,0.720,0.269,0.145
t24,0.100,0.100,0.820,0.890,0.720,0.268,0.145
t25,0.100,0.700,0.820,0.900,0.730,0.302,0.145
t26,0.000,0.700,0.840,0.730,0.595,0.314,0.145
t27,0.200,0.700,0.840,0.880,0.585,0.248,0.145
t28,0.100,0.100,0.820,0.880,0.530,0.312,0.145
t29,0.500,0.700,0.840,0.870,0.645,0.302,0.145
t30,0.100,0.100,0.860,0.900,0.680,0.316,0.145
t31,0.100,0.050,0.820,0.870,0.645,0.284,0.145
t32,0.100,0.100,0.800,0.890,0.725,0.308,0.145
t33,0.100,0.100,0.840,0.900,0.680,0.288,0.145
test,10,20,50,100,200,500,1000
t01,0.056,0.088,0.530,0.367,0.222,0.090,0.050
t02,0.010,0.015,0.117,0.210,0.366,0.598,0.861
t03,0.013,0.024,0.420,0.725,0.840,0.477,0.254
t04,0.013,0.145,0.317,0.464,0.631,0.441,0.254
t05,0.000,0.169,0.215,0.179,0.162,0.344,0.254
t06,0.000,0.000,0.205,0.187,0.301,0.462,0.254
t07,0.013,0.169,0.420,0.725,0.834,0.438,0.254
t08,0.129,0.242,0.256,0.570,0.834,0.477,0.254
t09,0.013,0.024,0.409,0.725,0.828,0.477,0.254
t10,0.026,0.133,0.256,0.717,0.712,0.437,0.254
t11,0.013,0.024,0.409,0.709,0.834,0.459,0.254
t12,0.039,0.085,0.297,0.693,0.834,0.496,0.254
t13,0.013,0.024,0.420,0.513,0.376,0.191,0.254
t14,0.013,0.024,0.420,0.701,0.840,0.465,0.254
t15,0.013,0.024,0.420,0.717,0.840,0.468,0.254
t16,0.129,0.242,0.481,0.473,0.845,0.490,0.254
t17,0.013,0.024,0.338,0.293,0.214,0.126,0.254
t18,0.013,0.024,0.440,0.701,0.834,0.456,0.254
t19,0.013,0.024,0.409,0.733,0.834,0.440,0.254
t20,0.026,0.024,0.379,0.619,0.666,0.401,0.254
t21,0.013,0.169,0.409,0.652,0.648,0.471,0.254
t22,0.013,0.024,0.420,0.709,0.834,0.465,0.254
t23,0.013,0.024,0.420,0.733,0.834,0.416,0.254
t24,0.013,0.024,0.420,0.725,0.834,0.415,0.254
t25,0.013,0.169,0.420,0.733,0.845,0.468,0.254
t26,0.000,0.169,0.430,0.595,0.689,0.486,0.254
t27,0.026,0.169,0.430,0.717,0.677,0.385,0.254
t28,0.013,0.024,0.420,0.717,0.614,0.483,0.254
t29,0.064,0.169,0.430,0.709,0.747,0.468,0.254
t30,0.013,0.024,0.440,0.733,0.787,0.490,0.254
t31,0.013,0.012,0.420,0.709,0.747,0.440,0.254
t32,0.013,0.024,0.409,0.725,0.840,0.477,0.254
t33,0.013,0.024,0.430,0.733,0.787,0.446,0.254
