format: recall, precision, f1
test,10,20,50,100,200,500,1000
t01,nan,nan,nan,nan,nan,nan,nan
t02,0.000,0.000,0.000,0.000,0.308,0.849,1.000
t03,0.000,0.000,0.000,0.000,0.000,0.000,1.000
t04,0.000,0.000,0.000,0.000,1.000,1.000,1.000
t05,0.000,0.000,0.000,0.000,0.000,0.000,1.000
t06,0.000,0.000,0.000,0.000,0.000,0.000,1.000
t07,0.000,0.000,0.000,0.000,0.000,0.000,1.000
t08,0.000,0.000,0.000,0.000,0.000,0.000,1.000
t09,0.000,0.000,0.000,0.000,0.000,0.000,1.000
t10,0.000,0.000,0.000,0.000,0.000,0.000,1.000
t11,0.000,0.000,0.000,0.000,0.000,0.000,1.000
t12,0.000,0.000,0.000,0.000,1.000,1.000,1.000
t13,0.000,0.000,0.000,0.000,0.000,0.000,1.000
t14,0.000,0.000,0.000,0.000,0.000,0.000,1.000
t15,0.000,0.000,0.000,0.000,0.000,0.000,1.000
t16,0.000,0.000,0.000,0.000,0.000,1.000,1.000
t17,0.000,0.000,0.000,0.000,0.000,0.000,1.000
t18,0.000,0.000,0.000,0.000,0.000,0.000,1.000
t19,0.000,0.000,0.000,0.000,0.000,0.000,1.000
t20,0.000,0.000,1.000,1.000,1.000,1.000,1.000
t21,0.000,0.000,0.000,0.000,0.000,0.000,1.000
t22,0.000,0.000,0.000,0.000,0.000,0.000,1.000
t23,0.000,0.000,0.000,0.000,0.000,0.000,1.000
t24,0.000,0.000,0.000,0.000,0.000,0.000,1.000
t25,0.000,0.000,0.000,0.000,0.000,0.000,1.000
t26,0.000,0.000,0.000,0.000,0.000,0.000,1.000
t27,0.000,0.000,0.000,0.000,0.000,0.000,1.000
t28,0.000,0.000,0.000,0.000,0.000,1.000,1.000
t29,0.000,0.000,0.000,0.000,0.000,0.000,1.000
t30,0.000,0.000,0.000,1.000,1.000,1.000,1.000
t31,0.000,0.000,0.000,0.000,0.000,0.000,1.000
t32,0.000,0.000,0.000,0.000,0.000,0.000,1.000
t33,0.000,0.000,0.000,0.000,0.000,0.000,1.000
test,10,20,50,100,200,500,1000
t01,0.000,0.000,0.000,0.000,0.000,0.000,0.000
t02,0.000,0.000,0.000,0.000,0.184,0.203,0.119
t03,0.000,0.000,0.000,0.000,0.000,0.000,0.001
t04,0.000,0.000,0.000,0.000,0.005,0.002,0.001
t05,0.000,0.000,0.000,0.000,0.000,0.000,0.001
t06,0.000,0.000,0.000,0.000,0.000,0.000,0.001
t07,0.000,0.000,0.000,0.000,0.000,0.000,0.001
t08,0.000,0.000,0.000,0.000,0.000,0.000,0.001
t09,0.000,0.000,0.000,0.000,0.000,0.000,0.001
t10,0.000,0.000,0.000,0.000,0.000,0.000,0.001
t11,0.000,0.000,0.000,0.000,0.000,0.000,0.001
t12,0.000,0.000,0.000,0.000,0.005,0.002,0.001
t13,0.000,0.000,0.000,0.000,0.000,0.000,0.001
t14,0.000,0.000,0.000,0.000,0.000,0.000,0.001
t15,0.000,0.000,0.000,0.000,0.000,0.000,0.001
t16,0.000,0.000,0.000,0.000,0.000,0.002,0.001
t17,0.000,0.000,0.000,0.000,0.000,0.000,0.001
t18,0.000,0.000,0.000,0.000,0.000,0.000,0.001
t19,0.000,0.000,0.000,0.000,0.000,0.000,0.001
t20,0.000,0.000,0.020,0.010,0.005,0.002,0.001
t21,0.000,0.000,0.000,0.000,0.000,0.000,0.001
t22,0.000,0.000,0.000,0.000,0.000,0.000,0.001
t23,0.000,0.000,0.000,0.000,0.000,0.000,0.001
t24,0.000,0.000,0.000,0.000,0.000,0.000,0.001
t25,0.000,0.000,0.000,0.000,0.000,0.000,0.001
t26,0.000,0.000,0.000,0.000,0.000,0.000,0.001
t27,0.000,0.000,0.000,0.000,0.000,0.000,0.001
t28,0.000,0.000,0.000,0.000,0.000,0.002,0.001
t29,0.000,0.000,0.000,0.000,0.000,0.000,0.001
t30,0.000,0.000,0.000,0.010,0.005,0.002,0.001
t31,0.000,0.000,0.000,0.000,0.000,0.000,0.001
t32,0.000,0.000,0.000,0.000,0.000,0.000,0.001
t33,0.000,0.000,0.000,0.000,0.000,0.000,0.001
test,10,20,50,100,200,500,1000
t01,nan,nan,nan,nan,nan,nan,nan
t02,0.000,0.000,0.000,0.000,0.230,0.327,0.213
t03,0.000,0.000,0.000,0.000,0.000,0.000,0.002
t04,0.000,0.000,0.000,0.000,0.010,0.004,0.002
t05,0.000,0.000,0.000,0.000,0.000,0.000,0.002
t06,0.000,0.000,0.000,0.000,0.000,0.000,0.002
t07,0.000,0.000,0.000,0.000,0.000,0.000,0.002
t08,0.000,0.000,0.000,0.000,0.000,0.000,0.002
t09,0.000,0.000,0.000,0.000,0.000,0.000,0.002
t10,0.000,0.000,0.000,0.000,0.000,0.000,0.002
t11,0.000,0.000,0.000,0.000,0.000,0.000,0.002
t12,0.000,0.000,0.000,0.000,0.010,0.004,0.002
t13,0.000,0.000,0.000,0.000,0.000,0.000,0.002
t14,0.000,0.000,0.000,0.000,0.000,0.000,0.002
t15,0.000,0.000,0.000,0.000,0.000,0.000,0.002
t16,0.000,0.000,0.000,0.000,0.000,0.004,0.002
t17,0.000,0.000,0.000,0.000,0.000,0.000,0.002
t18,0.000,0.000,0.000,0.000,0.000,0.000,0.002
t19,0.000,0.000,0.000,0.000,0.000,0.000,0.002
t20,0.000,0.000,0.039,0.020,0.010,0.004,0.002
t21,0.000,0.000,0.000,0.000,0.000,0.000,0.002
t22,0.000,0.000,0.000,0.000,0.000,0.000,0.002
t23,0.000,0.000,0.000,0.000,0.000,0.000,0.002
t24,0.000,0.000,0.000,0.000,0.000,0.000,0.002
t25,0.000,0.000,0.000,0.000,0.000,0.000,0.002
t26,0.000,0.000,0.000,0.000,0.000,0.000,0.002
t27,0.000,0.000,0.000,0.000,0.000,0.000,0.002
t28,0.000,0.000,0.000,0.000,0.000,0.004,0.002
t29,0.000,0.000,0.000,0.000,0.000,0.000,0.002
t30,0.000,0.000,0.000,0.020,0.010,0.004,0.002
t31,0.000,0.000,0.000,0.000,0.000,0.000,0.002
t32,0.000,0.000,0.000,0.000,0.000,0.000,0.002
t33,0.000,0.000,0.000,0.000,0.000,0.000,0.002
