format: recall, precision, f1
test,10,20,50,100,200,500,1000
t01,0.000,0.000,0.000,0.000,0.000,0.000,1.000
t02,0.000,0.000,0.000,0.000,0.000,0.000,1.000
t03,0.000,0.000,0.000,0.000,0.000,0.000,1.000
t04,0.000,0.000,0.000,0.000,0.000,0.640,1.000
t05,0.000,0.000,0.000,0.000,0.000,0.000,1.000
t06,0.000,0.000,0.000,0.000,0.000,0.000,1.000
t07,0.000,0.000,0.000,0.000,0.000,0.000,1.000
t08,0.000,0.000,0.000,0.160,0.320,0.360,1.000
t09,0.000,0.000,0.000,0.000,0.000,0.000,1.000
t10,0.000,0.000,0.000,0.000,0.000,0.640,1.000
t11,0.000,0.000,0.000,0.000,0.000,0.000,1.000
t12,0.000,0.000,0.000,0.000,0.000,0.680,1.000
t13,0.000,0.000,0.000,0.000,0.000,0.000,1.000
t14,0.000,0.000,0.000,0.000,0.000,0.000,1.000
t15,0.000,0.000,0.000,0.000,0.000,0.000,1.000
t16,0.000,0.000,0.200,0.280,0.600,0.800,1.000
t17,0.000,0.000,0.000,0.000,0.000,0.000,1.000
t18,0.000,0.000,0.000,0.000,0.000,0.000,1.000
t19,0.000,0.000,0.000,0.000,0.000,0.000,1.000
t20,0.000,0.000,0.000,0.000,0.000,0.000,1.000
t21,0.000,0.000,0.000,0.000,0.000,0.000,1.000
t22,0.000,0.000,0.000,0.000,0.000,0.000,1.000
t23,0.000,0.000,0.000,0.000,0.000,0.000,1.000
t24,0.000,0.000,0.000,0.000,0.000,0.000,1.000
t25,0.000,0.000,0.000,0.000,0.000,0.000,1.000
t26,0.000,0.000,0.000,0.000,0.000,0.000,1.000
t27,0.000,0.000,0.000,0.000,0.000,0.000,1.000
t28,0.000,0.000,0.000,0.000,0.000,0.000,1.000
t29,0.000,0.000,0.000,0.000,0.000,0.000,1.000
t30,0.000,0.000,0.000,0.000,0.000,0.000,1.000
t31,0.000,0.000,0.000,0.000,0.000,0.000,1.000
t32,0.000,0.000,0.000,0.000,0.000,0.000,1.000
t33,0.000,0.000,0.000,0.000,0.000,0.000,1.000
test,10,20,50,100,200,500,1000
t01,0.000,0.000,0.000,0.000,0.000,0.000,0.045
t02,0.000,0.000,0.000,0.000,0.000,0.000,0.001
t03,0.000,0.000,0.000,0.000,0.000,0.000,0.025
t04,0.000,0.000,0.000,0.000,0.000,0.032,0.025
t05,0.000,0.000,0.000,0.000,0.000,0.000,0.025
t06,0.000,0.000,0.000,0.000,0.000,0.000,0.025
t07,0.000,0.000,0.000,0.000,0.000,0.000,0.025
t08,0.000,0.000,0.000,0.040,0.040,0.018,0.025
t09,0.000,0.000,0.000,0.000,0.000,0.000,0.025
t10,0.000,0.000,0.000,0.000,0.000,0.032,0.025
t11,0.000,0.000,0.000,0.000,0.000,0.000,0.025
t12,0.000,0.000,0.000,0.000,0.000,0.034,0.025
t13,0.000,0.000,0.000,0.000,0.000,0.000,0.025
t14,0.000,0.000,0.000,0.000,0.000,0.000,0.025
t15,0.000,0.000,0.000,0.000,0.000,0.000,0.025
t16,0.000,0.000,0.100,0.070,0.075,0.040,0.025
t17,0.000,0.000,0.000,0.000,0.000,0.000,0.025
t18,0.000,0.000,0.000,0.000,0.000,0.000,0.025
t19,0.000,0.000,0.000,0.000,0.000,0.000,0.025
t20,0.000,0.000,0.000,0.000,0.000,0.000,0.025
t21,0.000,0.000,0.000,0.000,0.000,0.000,0.025
t22,0.000,0.000,0.000,0.000,0.000,0.000,0.025
t23,0.000,0.000,0.000,0.000,0.000,0.000,0.025
t24,0.000,0.000,0.000,0.000,0.000,0.000,0.025
t25,0.000,0.000,0.000,0.000,0.000,0.000,0.025
t26,0.000,0.000,0.000,0.000,0.000,0.000,0.025
t27,0.000,0.000,0.000,0.000,0.000,0.000,0.025
t28,0.000,0.000,0.000,0.000,0.000,0.000,0.025
t29,0.000,0.000,0.000,0.000,0.000,0.000,0.025
t30,0.000,0.000,0.000,0.000,0.000,0.000,0.025
t31,0.000,0.000,0.000,0.000,0.000,0.000,0.025
t32,0.000,0.000,0.000,0.000,0.000,0.000,0.025
t33,0.000,0.000,0.000,0.000,0.000,0.000,0.025
test,10,20,50,100,200,500,1000
t01,0.000,0.000,0.000,0.000,0.000,0.000,0.086
t02,0.000,0.000,0.000,0.000,0.000,0.000,0.002
t03,0.000,0.000,0.000,0.000,0.000,0.000,0.049
t04,0.000,0.000,0.000,0.000,0.000,0.061,0.049
t05,0.000,0.000,0.000,0.000,0.000,0.000,0.049
t06,0.000,0.000,0.000,0.000,0.000,0.000,0.049
t07,0.000,0.000,0.000,0.000,0.000,0.000,0.049
t08,0.000,0.000,0.000,0.064,0.071,0.034,0.049
t09,0.000,0.000,0.000,0.000,0.000,0.000,0.049
t10,0.000,0.000,0.000,0.000,0.000,0.061,0.049
t11,0.000,0.000,0.000,0.000,0.000,0.000,0.049
t12,0.000,0.000,0.000,0.000,0.000,0.065,0.049
t13,0.000,0.000,0.000,0.000,0.000,0.000,0.049
t14,0.000,0.000,0.000,0.000,0.000,0.000,0.049
t15,0.000,0.000,0.000,0.000,0.000,0.000,0.049
t16,0.000,0.000,0.133,0.112,0.133,0.076,0.049
t17,0.000,0.000,0.000,0.000,0.000,0.000,0.049
t18,0.000,0.000,0.000,0.000,0.000,0.000,0.049
t19,0.000,0.000,0.000,0.000,0.000,0.000,0.049
t20,0.000,0.000,0.000,0.000,0.000,0.000,0.049
t21,0.000,0.000,0.000,0.000,0.000,0.000,0.049
t22,0.000,0.000,0.000,0.000,0.000,0.000,0.049
t23,0.000,0.000,0.000,0.000,0.000,0.000,0.049
t24,0.000,0.000,0.000,0.000,0.000,0.000,0.049
t25,0.000,0.000,0.000,0.000,0.000,0.000,0.049
t26,0.000,0.000,0.000,0.000,0.000,0.000,0.049
t27,0.000,0.000,0.000,0.000,0.000,0.000,0.049
t28,0.000,0.000,0.000,0.000,0.000,0.000,0.049
t29,0.000,0.000,0.000,0.000,0.000,0.000,0.049
t30,0.000,0.000,0.000,0.000,0.000,0.000,0.049
t31,0.000,0.000,0.000,0.000,0.000,0.000,0.049
t32,0.000,0.000,0.000,0.000,0.000,0.000,0.049
t33,0.000,0.000,0.000,0.000,0.000,0.000,0.049
