format: recall, precision, f1
test,10,20,50,100,200,500,1000
t01,0.000,0.000,0.082,0.141,0.223,0.724,1.000
t02,0.000,0.000,0.000,0.222,0.667,1.000,1.000
t03,0.000,0.000,0.110,0.157,0.249,0.767,1.000
t04,0.000,0.000,0.000,0.000,0.249,0.421,1.000
t05,0.000,0.000,0.000,0.331,0.456,0.716,1.000
t06,0.000,0.000,0.000,0.000,0.000,0.835,1.000
t07,0.000,0.028,0.152,0.345,0.442,0.449,1.000
t08,0.000,0.000,0.062,0.186,0.244,0.767,1.000
t09,0.000,0.000,0.110,0.161,0.249,0.767,1.000
t10,0.000,0.000,0.000,0.000,0.000,0.290,1.000
t11,0.000,0.055,0.152,0.214,0.258,0.932,1.000
t12,0.000,0.000,0.000,0.000,0.138,0.608,1.000
t13,0.000,0.048,0.110,0.184,0.497,0.787,1.000
t14,0.000,0.000,0.000,0.131,0.214,0.293,1.000
t15,0.000,0.000,0.076,0.152,0.456,0.773,1.000
t16,0.000,0.000,0.000,0.000,0.000,0.601,1.000
t17,0.000,0.048,0.110,0.193,0.504,0.799,1.000
t18,0.000,0.083,0.145,0.214,0.534,0.758,1.000
t19,0.000,0.000,0.083,0.166,0.175,0.613,1.000
t20,0.000,0.000,0.000,0.000,0.000,0.204,1.000
t21,0.000,0.062,0.104,0.166,0.235,0.718,1.000
t22,0.000,0.000,0.110,0.207,0.518,0.960,1.000
t23,0.000,0.000,0.097,0.166,0.228,0.575,1.000
t24,0.000,0.000,0.097,0.152,0.338,0.597,1.000
t25,0.000,0.000,0.090,0.145,0.216,0.903,1.000
t26,0.028,0.124,0.235,0.290,0.170,0.597,1.000
t27,0.000,0.000,0.000,0.000,0.221,0.635,1.000
t28,0.000,0.000,0.000,0.000,0.000,0.718,1.000
t29,0.021,0.041,0.069,0.104,0.221,0.382,1.000
t30,0.000,0.000,0.000,0.000,0.184,0.773,1.000
t31,0.000,0.000,0.117,0.166,0.244,0.794,1.000
t32,0.000,0.000,0.069,0.147,0.244,0.767,1.000
t33,0.000,0.000,0.110,0.161,0.249,0.767,1.000
test,10,20,50,100,200,500,1000
t01,0.000,0.000,0.120,0.103,0.082,0.106,0.073
t02,0.000,0.000,0.000,0.040,0.060,0.036,0.018
t03,0.000,0.000,0.160,0.113,0.090,0.111,0.072
t04,0.000,0.000,0.000,0.000,0.090,0.061,0.072
t05,0.000,0.000,0.000,0.240,0.165,0.104,0.072
t06,0.000,0.000,0.000,0.000,0.000,0.121,0.072
t07,0.000,0.100,0.220,0.250,0.160,0.065,0.072
t08,0.000,0.000,0.090,0.135,0.088,0.111,0.072
t09,0.000,0.000,0.160,0.117,0.090,0.111,0.072
t10,0.000,0.000,0.000,0.000,0.000,0.042,0.072
t11,0.000,0.200,0.220,0.155,0.093,0.135,0.072
t12,0.000,0.000,0.000,0.000,0.050,0.088,0.072
t13,0.000,0.175,0.160,0.133,0.180,0.114,0.072
t14,0.000,0.000,0.000,0.095,0.077,0.042,0.072
t15,0.000,0.000,0.110,0.110,0.165,0.112,0.072
t16,0.000,0.000,0.000,0.000,0.000,0.087,0.072
t17,0.000,0.175,0.160,0.140,0.182,0.116,0.072
t18,0.000,0.300,0.210,0.155,0.193,0.110,0.072
t19,0.000,0.000,0.120,0.120,0.063,0.089,0.072
t20,0.000,0.000,0.000,0.000,0.000,0.030,0.072
t21,0.000,0.225,0.150,0.120,0.085,0.104,0.072
t22,0.000,0.000,0.160,0.150,0.188,0.139,0.072
t23,0.000,0.000,0.140,0.120,0.083,0.083,0.072
t24,0.000,0.000,0.140,0.110,0.122,0.086,0.072
t25,0.000,0.000,0.130,0.105,0.078,0.131,0.072
t26,0.200,0.450,0.340,0.210,0.062,0.086,0.072
t27,0.000,0.000,0.000,0.000,0.080,0.092,0.072
t28,0.000,0.000,0.000,0.000,0.000,0.104,0.072
t29,0.150,0.150,0.100,0.075,0.080,0.055,0.072
t30,0.000,0.000,0.000,0.000,0.067,0.112,0.072
t31,0.000,0.000,0.170,0.120,0.088,0.115,0.072
t32,0.000,0.000,0.100,0.107,0.088,0.111,0.072
t33,0.000,0.000,0.160,0.117,0.090,0.111,0.072
test,10,20,50,100,200,500,1000
t01,0.000,0.000,0.097,0.119,0.120,0.185,0.136
t02,0.000,0.000,0.000,0.068,0.110,0.069,0.035
t03,0.000,0.000,0.131,0.131,0.132,0.194,0.135
t04,0.000,0.000,0.000,0.000,0.132,0.107,0.135
t05,0.000,0.000,0.000,0.278,0.242,0.181,0.135
t06,0.000,0.000,0.000,0.000,0.000,0.211,0.135
t07,0.000,0.043,0.180,0.290,0.235,0.114,0.135
t08,0.000,0.000,0.074,0.157,0.130,0.194,0.135
t09,0.000,0.000,0.131,0.135,0.132,0.194,0.135
t10,0.000,0.000,0.000,0.000,0.000,0.073,0.135
t11,0.000,0.087,0.180,0.180,0.137,0.236,0.135
t12,0.000,0.000,0.000,0.000,0.073,0.154,0.135
t13,0.000,0.076,0.131,0.155,0.264,0.199,0.135
t14,0.000,0.000,0.000,0.110,0.114,0.074,0.135
t15,0.000,0.000,0.090,0.128,0.242,0.196,0.135
t16,0.000,0.000,0.000,0.000,0.000,0.152,0.135
t17,0.000,0.076,0.131,0.162,0.268,0.202,0.135
t18,0.000,0.130,0.172,0.180,0.284,0.192,0.135
t19,0.000,0.000,0.098,0.139,0.093,0.155,0.135
t20,0.000,0.000,0.000,0.000,0.000,0.052,0.135
t21,0.000,0.097,0.123,0.139,0.125,0.182,0.135
t22,0.000,0.000,0.131,0.174,0.275,0.243,0.135
t23,0.000,0.000,0.114,0.139,0.121,0.145,0.135
t24,0.000,0.000,0.114,0.128,0.180,0.151,0.135
t25,0.000,0.000,0.106,0.122,0.115,0.229,0.135
t26,0.049,0.195,0.278,0.244,0.091,0.151,0.135
t27,0.000,0.000,0.000,0.000,0.117,0.161,0.135
t28,0.000,0.000,0.000,0.000,0.000,0.182,0.135
t29,0.036,0.065,0.082,0.087,0.117,0.097,0.135
t30,0.000,0.000,0.000,0.000,0.098,0.196,0.135
t31,0.000,0.000,0.139,0.139,0.130,0.201,0.135
t32,0.000,0.000,0.082,0.124,0.130,0.194,0.135
t33,0.000,0.000,0.131,0.135,0.132,0.194,0.135
