format: recall, precision, f1
test,10,20,50,100,200,500,1000
t01,0.000,0.007,0.014,0.014,0.209,0.784,1.000
t02,0.005,0.013,0.021,0.187,0.187,0.293,1.000
t03,0.000,0.007,0.014,0.014,0.264,0.966,1.000
t04,0.007,0.020,0.068,0.108,0.372,0.899,1.000
t05,0.000,0.000,0.000,0.101,0.284,0.831,1.000
t06,0.000,0.000,0.074,0.108,0.243,0.966,1.000
t07,0.000,0.007,0.014,0.095,0.486,0.919,1.000
t08,0.047,0.115,0.155,0.169,0.345,0.980,1.000
t09,0.000,0.007,0.014,0.014,0.264,0.811,1.000
t10,0.014,0.047,0.142,0.331,0.628,0.946,1.000
t11,0.000,0.000,0.014,0.014,0.182,0.709,1.000
t12,0.007,0.014,0.128,0.196,0.318,0.892,1.000
t13,0.000,0.007,0.014,0.014,0.216,0.736,1.000
t14,0.000,0.007,0.014,0.014,0.291,0.959,1.000
t15,0.000,0.007,0.014,0.014,0.236,0.966,1.000
t16,0.068,0.135,0.230,0.365,0.682,0.946,1.000
t17,0.000,0.007,0.007,0.014,0.162,0.588,1.000
t18,0.000,0.000,0.000,0.155,0.196,0.791,1.000
t19,0.000,0.007,0.014,0.014,0.270,0.926,1.000
t20,0.000,0.000,0.000,0.027,0.176,0.784,1.000
t21,0.000,0.000,0.014,0.122,0.365,0.838,1.000
t22,0.000,0.000,0.007,0.014,0.169,0.791,1.000
t23,0.007,0.007,0.014,0.014,0.284,0.980,1.000
t24,0.000,0.007,0.014,0.014,0.230,0.959,1.000
t25,0.000,0.007,0.014,0.014,0.236,0.892,1.000
t26,0.000,0.000,0.108,0.351,0.426,0.953,1.000
t27,0.000,0.014,0.014,0.014,0.257,0.973,1.000
t28,0.000,0.014,0.095,0.209,0.291,0.966,1.000
t29,0.000,0.000,0.054,0.149,0.655,0.845,1.000
t30,0.007,0.007,0.101,0.216,0.291,0.966,1.000
t31,0.000,0.007,0.007,0.007,0.243,0.838,1.000
t32,0.000,0.007,0.020,0.027,0.264,0.966,1.000
t33,0.000,0.007,0.014,0.014,0.250,0.872,1.000
test,10,20,50,100,200,500,1000
t01,0.000,0.050,0.040,0.020,0.155,0.232,0.249
t02,0.200,0.250,0.160,0.720,0.360,0.226,0.386
t03,0.000,0.050,0.040,0.020,0.195,0.286,0.249
t04,0.100,0.150,0.200,0.160,0.275,0.266,0.249
t05,0.000,0.000,0.000,0.150,0.210,0.246,0.249
t06,0.000,0.000,0.220,0.160,0.180,0.286,0.249
t07,0.000,0.050,0.040,0.140,0.360,0.272,0.249
t08,0.700,0.850,0.460,0.250,0.255,0.290,0.249
t09,0.000,0.050,0.040,0.020,0.195,0.240,0.249
t10,0.200,0.350,0.420,0.490,0.465,0.280,0.249
t11,0.000,0.000,0.040,0.020,0.135,0.210,0.249
t12,0.100,0.100,0.380,0.290,0.235,0.264,0.249
t13,0.000,0.050,0.040,0.020,0.160,0.218,0.249
t14,0.000,0.050,0.040,0.020,0.215,0.284,0.249
t15,0.000,0.050,0.040,0.020,0.175,0.286,0.249
t16,1.000,1.000,0.680,0.540,0.505,0.280,0.249
t17,0.000,0.050,0.020,0.020,0.120,0.174,0.249
t18,0.000,0.000,0.000,0.230,0.145,0.234,0.249
t19,0.000,0.050,0.040,0.020,0.200,0.274,0.249
t20,0.000,0.000,0.000,0.040,0.130,0.232,0.249
t21,0.000,0.000,0.040,0.180,0.270,0.248,0.249
t22,0.000,0.000,0.020,0.020,0.125,0.234,0.249
t23,0.100,0.050,0.040,0.020,0.210,0.290,0.249
t24,0.000,0.050,0.040,0.020,0.170,0.284,0.249
t25,0.000,0.050,0.040,0.020,0.175,0.264,0.249
t26,0.000,0.000,0.320,0.520,0.315,0.282,0.249
t27,0.000,0.100,0.040,0.020,0.190,0.288,0.249
t28,0.000,0.100,0.280,0.310,0.215,0.286,0.249
t29,0.000,0.000,0.160,0.220,0.485,0.250,0.249
t30,0.100,0.050,0.300,0.320,0.215,0.286,0.249
t31,0.000,0.050,0.020,0.010,0.180,0.248,0.249
t32,0.000,0.050,0.060,0.040,0.195,0.286,0.249
t33,0.000,0.050,0.040,0.020,0.185,0.258,0.249
test,10,20,50,100,200,500,1000
t01,0.000,0.012,0.020,0.016,0.178,0.358,0.399
t02,0.010,0.025,0.037,0.296,0.246,0.255,0.557
t03,0.000,0.012,0.020,0.016,0.224,0.441,0.399
t04,0.013,0.036,0.101,0.129,0.316,0.410,0.399
t05,0.000,0.000,0.000,0.121,0.241,0.380,0.399
t06,0.000,0.000,0.111,0.129,0.207,0.441,0.399
t07,0.000,0.012,0.020,0.113,0.414,0.420,0.399
t08,0.089,0.202,0.232,0.202,0.293,0.448,0.399
t09,0.000,0.012,0.020,0.016,0.224,0.370,0.399
t10,0.025,0.083,0.212,0.395,0.534,0.432,0.399
t11,0.000,0.000,0.020,0.016,0.155,0.324,0.399
t12,0.013,0.024,0.192,0.234,0.270,0.407,0.399
t13,0.000,0.012,0.020,0.016,0.184,0.336,0.399
t14,0.000,0.012,0.020,0.016,0.247,0.438,0.399
t15,0.000,0.012,0.020,0.016,0.201,0.441,0.399
t16,0.127,0.238,0.343,0.435,0.580,0.432,0.399
t17,0.000,0.012,0.010,0.016,0.138,0.269,0.399
t18,0.000,0.000,0.000,0.185,0.167,0.361,0.399
t19,0.000,0.012,0.020,0.016,0.230,0.423,0.399
t20,0.000,0.000,0.000,0.032,0.149,0.358,0.399
t21,0.000,0.000,0.020,0.145,0.310,0.383,0.399
t22,0.000,0.000,0.010,0.016,0.144,0.361,0.399
t23,0.013,0.012,0.020,0.016,0.241,0.448,0.399
t24,0.000,0.012,0.020,0.016,0.195,0.438,0.399
t25,0.000,0.012,0.020,0.016,0.201,0.407,0.399
t26,0.000,0.000,0.162,0.419,0.362,0.435,0.399
t27,0.000,0.024,0.020,0.016,0.218,0.444,0.399
t28,0.000,0.024,0.141,0.250,0.247,0.441,0.399
t29,0.000,0.000,0.081,0.177,0.557,0.386,0.399
t30,0.013,0.012,0.152,0.258,0.247,0.441,0.399
t31,0.000,0.012,0.010,0.008,0.207,0.383,0.399
t32,0.000,0.012,0.030,0.032,0.224,0.441,0.399
t33,0.000,0.012,0.020,0.016,0.213,0.398,0.399
