format: recall, precision, f1
test,10,20,50,100,200,500,1000
t01,0.000,0.000,0.000,0.000,0.000,0.000,1.000
t02,0.000,0.000,0.000,0.000,0.000,1.000,1.000
t03,0.000,0.000,0.000,0.000,0.000,0.000,1.000
t04,0.000,0.000,0.000,0.000,0.000,0.000,1.000
t05,0.000,0.000,0.000,0.000,0.000,0.000,1.000
t06,0.000,0.000,0.000,0.000,0.000,0.000,1.000
t07,0.000,0.000,0.000,0.000,0.000,0.667,1.000
t08,0.000,0.000,0.000,0.000,0.000,0.000,1.000
t09,0.000,0.000,0.000,0.000,0.000,0.000,1.000
t10,0.000,0.000,0.000,0.000,0.000,0.000,1.000
t11,0.000,0.000,0.000,0.000,0.000,0.000,1.000
t12,0.000,0.000,0.000,0.000,0.333,0.889,1.000
t13,0.000,0.000,0.000,0.000,0.000,0.000,1.000
t14,0.000,0.000,0.000,0.000,0.000,0.000,1.000
t15,0.000,0.000,0.000,0.000,0.000,0.000,1.000
t16,0.000,0.000,0.000,0.000,0.000,0.778,1.000
t17,0.000,0.000,0.000,0.000,0.000,0.000,1.000
t18,0.000,0.000,0.000,0.000,0.000,0.000,1.000
t19,0.000,0.000,0.000,0.000,0.000,0.000,1.000
t20,0.000,0.000,0.000,0.333,0.333,0.556,1.000
t21,0.000,0.000,0.000,0.000,0.000,0.000,1.000
t22,0.000,0.000,0.000,0.000,0.000,0.000,1.000
t23,0.000,0.000,0.000,0.000,0.000,0.000,1.000
t24,0.000,0.000,0.000,0.000,0.000,0.000,1.000
t25,0.000,0.000,0.000,0.000,0.000,0.000,1.000
t26,0.000,0.000,0.000,0.000,0.000,0.778,1.000
t27,0.000,0.000,0.000,0.000,0.000,0.000,1.000
t28,0.000,0.000,0.000,0.000,0.000,0.000,1.000
t29,0.000,0.000,0.000,0.000,0.000,0.667,1.000
t30,0.000,0.000,0.000,0.000,0.000,0.000,1.000
t31,0.000,0.000,0.000,0.000,0.000,0.000,1.000
t32,0.000,0.000,0.000,0.000,0.000,0.000,1.000
t33,0.000,0.000,0.000,0.000,0.000,0.000,1.000
test,10,20,50,100,200,500,1000
t01,0.000,0.000,0.000,0.000,0.000,0.000,0.014
t02,0.000,0.000,0.000,0.000,0.000,0.002,0.001
t03,0.000,0.000,0.000,0.000,0.000,0.000,0.009
t04,0.000,0.000,0.000,0.000,0.000,0.000,0.009
t05,0.000,0.000,0.000,0.000,0.000,0.000,0.009
t06,0.000,0.000,0.000,0.000,0.000,0.000,0.009
t07,0.000,0.000,0.000,0.000,0.000,0.012,0.009
t08,0.000,0.000,0.000,0.000,0.000,0.000,0.009
t09,0.000,0.000,0.000,0.000,0.000,0.000,0.009
t10,0.000,0.000,0.000,0.000,0.000,0.000,0.009
t11,0.000,0.000,0.000,0.000,0.000,0.000,0.009
t12,0.000,0.000,0.000,0.000,0.015,0.016,0.009
t13,0.000,0.000,0.000,0.000,0.000,0.000,0.009
t14,0.000,0.000,0.000,0.000,0.000,0.000,0.009
t15,0.000,0.000,0.000,0.000,0.000,0.000,0.009
t16,0.000,0.000,0.000,0.000,0.000,0.014,0.009
t17,0.000,0.000,0.000,0.000,0.000,0.000,0.009
t18,0.000,0.000,0.000,0.000,0.000,0.000,0.009
t19,0.000,0.000,0.000,0.000,0.000,0.000,0.009
t20,0.000,0.000,0.000,0.030,0.015,0.010,0.009
t21,0.000,0.000,0.000,0.000,0.000,0.000,0.009
t22,0.000,0.000,0.000,0.000,0.000,0.000,0.009
t23,0.000,0.000,0.000,0.000,0.000,0.000,0.009
t24,0.000,0.000,0.000,0.000,0.000,0.000,0.009
t25,0.000,0.000,0.000,0.000,0.000,0.000,0.009
t26,0.000,0.000,0.000,0.000,0.000,0.014,0.009
t27,0.000,0.000,0.000,0.000,0.000,0.000,0.009
t28,0.000,0.000,0.000,0.000,0.000,0.000,0.009
t29,0.000,0.000,0.000,0.000,0.000,0.012,0.009
t30,0.000,0.000,0.000,0.000,0.000,0.000,0.009
t31,0.000,0.000,0.000,0.000,0.000,0.000,0.009
t32,0.000,0.000,0.000,0.000,0.000,0.000,0.009
t33,0.000,0.000,0.000,0.000,0.000,0.000,0.009
test,10,20,50,100,200,500,1000
t01,0.000,0.000,0.000,0.000,0.000,0.000,0.028
t02,0.000,0.000,0.000,0.000,0.000,0.004,0.002
t03,0.000,0.000,0.000,0.000,0.000,0.000,0.018
t04,0.000,0.000,0.000,0.000,0.000,0.000,0.018
t05,0.000,0.000,0.000,0.000,0.000,0.000,0.018
t06,0.000,0.000,0.000,0.000,0.000,0.000,0.018
t07,0.000,0.000,0.000,0.000,0.000,0.024,0.018
t08,0.000,0.000,0.000,0.000,0.000,0.000,0.018
t09,0.000,0.000,0.000,0.000,0.000,0.000,0.018
t10,0.000,0.000,0.000,0.000,0.000,0.000,0.018
t11,0.000,0.000,0.000,0.000,0.000,0.000,0.018
t12,0.000,0.000,0.000,0.000,0.029,0.031,0.018
t13,0.000,0.000,0.000,0.000,0.000,0.000,0.018
t14,0.000,0.000,0.000,0.000,0.000,0.000,0.018
t15,0.000,0.000,0.000,0.000,0.000,0.000,0.018
t16,0.000,0.000,0.000,0.000,0.000,0.028,0.018
t17,0.000,0.000,0.000,0.000,0.000,0.000,0.018
t18,0.000,0.000,0.000,0.000,0.000,0.000,0.018
t19,0.000,0.000,0.000,0.000,0.000,0.000,0.018
t20,0.000,0.000,0.000,0.055,0.029,0.020,0.018
t21,0.000,0.000,0.000,0.000,0.000,0.000,0.018
t22,0.000,0.000,0.000,0.000,0.000,0.000,0.018
t23,0.000,0.000,0.000,0.000,0.000,0.000,0.018
t24,0.000,0.000,0.000,0.000,0.000,0.000,0.018
t25,0.000,0.000,0.000,0.000,0.000,0.000,0.018
t26,0.000,0.000,0.000,0.000,0.000,0.028,0.018
t27,0.000,0.000,0.000,0.000,0.000,0.000,0.018
t28,0.000,0.000,0.000,0.000,0.000,0.000,0.018
t29,0.000,0.000,0.000,0.000,0.000,0.024,0.018
t30,0.000,0.000,0.000,0.000,0.000,0.000,0.018
t31,0.000,0.000,0.000,0.000,0.000,0.000,0.018
t32,0.000,0.000,0.000,0.000,0.000,0.000,0.018
t33,0.000,0.000,0.000,0.000,0.000,0.000,0.018
